1.238011
1.234546
1.230144
1.228910
1.228875
1.230224
1.229810
1.228682
1.233240
1.234338
1.235390
1.235474
1.241185
1.242150
1.236779
1.231121
1.232022
1.232370
1.232305
1.231536
1.229012
1.228416
1.225728
1.225775
1.228150
1.228076
1.229648
1.233730
1.237044
1.234153
1.232946
1.233060
1.233058
1.236181
1.237299
1.237648
1.236449
1.230822
1.228710
1.228639
1.223872
1.221842
1.219397
1.214907
1.210314
1.213050
1.212968
1.210010
1.203010
1.198636
1.198210
1.196560
1.196200
1.196176
1.193463
1.188646
1.185704
1.189027
1.193215
1.194120
1.194188
1.196222
1.188586
1.181279
1.180491
1.178662
1.177070
1.177038
1.176096
1.178775
1.172440
1.172062
1.168372
1.164800
1.165265
1.165970
1.157198
1.160832
1.168080
1.167584
1.165920
1.165978
1.169992
1.169747
1.175734
1.180843
1.177442
1.176910
1.176986
1.179252
1.176982
1.176480
1.171386
1.159238
1.160850
1.160694
1.160302
1.158692
1.157720
1.157786
1.164164
1.165760
1.165860
1.167482
1.167560
1.161273
1.156711
1.164877
1.168360
1.168228
1.163433
1.165008
1.165657
1.168507
1.172233
1.174410
1.174470
1.175962
1.173538
1.171100
1.167502
1.165943
1.168600
1.168565
1.170266
1.169516
1.163974
1.162841
1.168288
1.172150
1.172272
1.171331
1.168883
1.169708
1.169278
1.164755
1.165690
1.165716
1.168564
1.170922
1.167662
1.162102
1.158276
1.156860
1.156829
1.155578
1.158338
1.160560
1.157826
1.145290
1.141070
1.140836
1.139398
1.138200
1.133292
1.137399
1.140358
1.143860
1.143850
1.144098
1.153650
1.158754
1.155799
1.159030
1.162230
1.162290
1.164605
1.169514
1.168852
1.168136
1.164077
1.160240
1.160176
1.161076
1.157848
1.160318
1.163016
1.159730
1.155350
1.155372
